0 0.5755208333333334 0.38541666666666674 0.4440104166666667 0.38541666666666674 0.4440104166666667 0.5920138888888888 0.5755208333333334 0.5920138888888888
0 0.75 0.5312500000000001 0.6015625 0.53125 0.6015625 0.6284722222222223 0.75 0.6284722222222224
0 0.9205729166666666 0.498263888888889 0.08723958333333337 0.4982638888888889 0.08723958333333338 0.9982638888888888 0.9205729166666666 0.9982638888888888
0 0.7591145833333334 0.3142361111111112 0.5416666666666666 0.3142361111111112 0.5416666666666666 0.4062500000000001 0.7591145833333334 0.4062500000000001
0 0.9348958333333334 0.26736111111111127 0.8359375 0.2673611111111112 0.8359375 0.36111111111111127 0.9348958333333334 0.3611111111111113
0 0.953125 0.39236111111111127 0.8346354166666666 0.3923611111111112 0.8346354166666666 0.4427083333333335 0.953125 0.44270833333333354
0 0.9765625 0.4184027777777779 0.7734375 0.4184027777777779 0.7734375 0.6250000000000002 0.9765625 0.6250000000000002
0 0.3307291666666667 0.34201388888888895 0.04036458333333336 0.3420138888888889 0.04036458333333337 0.4965277777777778 0.33072916666666674 0.4965277777777778
0 0.44921875 0.2968750000000001 0.3111979166666667 0.2968750000000001 0.3111979166666667 0.4062500000000001 0.44921875 0.4062500000000001
0 0.26171875 0.24131944444444445 2.2164831390817984e-17 0.24131944444444445 2.7666174433862733e-17 0.3611111111111111 0.26171875 0.3611111111111111
0 0.484375 0.20138888888888895 0.3828125 0.20138888888888895 0.3828125 0.28993055555555564 0.484375 0.28993055555555564
0 0.7747395833333334 0.22048611111111124 0.515625 0.22048611111111122 0.515625 0.32291666666666674 0.7747395833333334 0.32291666666666674
0 0.09895833333333336 0.19270833333333334 1.769997326892659e-17 0.19270833333333334 2.033105037646973e-17 0.25 0.09895833333333337 0.25