0 0.11383928571428577 0.4523809523809524 4.155051639964234e-17 0.4523809523809524 4.8384482912741415e-17 0.6011904761904762 0.11383928571428578 0.6011904761904762
0 0.08482142857142863 0.5892857142857143 5.412501478374463e-17 0.5892857142857143 5.94555086639619e-17 0.7053571428571429 0.08482142857142863 0.7053571428571429
0 0.17410714285714293 0.6101190476190477 0.1026785714285715 0.6101190476190477 0.1026785714285715 0.6577380952380952 0.17410714285714293 0.6577380952380952
0 0.1696428571428572 0.5029761904761905 0.09821428571428574 0.5029761904761905 0.09821428571428577 0.5863095238095238 0.1696428571428572 0.5863095238095238
0 0.31473214285714285 0.49702380952380953 0.18303571428571436 0.49702380952380953 0.18303571428571436 0.5773809523809523 0.31473214285714285 0.5773809523809523
0 0.29017857142857145 0.5446428571428571 0.23660714285714293 0.5446428571428571 0.23660714285714293 0.6398809523809523 0.29017857142857145 0.6398809523809523
0 0.6584821428571429 0.5267857142857144 0.3325892857142857 0.5267857142857143 0.3325892857142857 0.6071428571428572 0.6584821428571429 0.6071428571428573
0 0.38392857142857145 0.44047619047619047 0.29910714285714285 0.44047619047619047 0.29910714285714285 0.5505952380952381 0.38392857142857145 0.5505952380952381
0 0.5178571428571429 0.4375 0.4263392857142857 0.4375 0.4263392857142857 0.5178571428571429 0.5178571428571429 0.5178571428571429
0 0.8950892857142857 0.4196428571428573 0.625 0.4196428571428573 0.625 0.4970238095238097 0.8950892857142857 0.4970238095238097
0 0.7477678571428571 0.4375000000000001 0.4575892857142857 0.4375 0.4575892857142857 0.5803571428571429 0.7477678571428571 0.580357142857143