0 0.515625 0.7055555555555557 0.4125 0.7055555555555557 0.4125 0.7722222222222223 0.515625 0.7722222222222223
0 0.896875 0.7805555555555559 0.79375 0.7805555555555559 0.79375 0.8944444444444447 0.896875 0.8944444444444447
0 0.684375 0.8305555555555556 0.5390625 0.8305555555555556 0.5390625 0.9972222222222222 0.684375 0.9972222222222222
0 0.3625000000000001 0.7666666666666667 0.18125000000000005 0.7666666666666667 0.18125000000000008 1 0.3625000000000001 1
0 0.20625 0.375 2.583239341951448e-17 0.375 3.15729252905177e-17 0.5416666666666666 0.20625 0.5416666666666666
0 0.06250000000000006 0.7527777777777778 5.1856137901395736e-17 0.7527777777777778 5.520478149281428e-17 0.85 0.06250000000000007 0.85
0 0.2203125 0.525 0.15468750000000003 0.525 0.15468750000000003 0.5722222222222222 0.2203125 0.5722222222222222
0 0.4015625 0.6166666666666667 0.2671875 0.6166666666666667 0.2671875 0.7305555555555555 0.4015625 0.7305555555555555
0 0.396875 0.45000000000000007 0.246875 0.45 0.246875 0.538888888888889 0.396875 0.5388888888888891
0 0.8078125 0.6166666666666668 0.690625 0.6166666666666668 0.690625 0.7055555555555557 0.8078125 0.7055555555555557
0 0.678125 0.4361111111111113 0.6109375 0.4361111111111113 0.6109375 0.4694444444444446 0.678125 0.4694444444444446
0 0.6953125 0.502777777777778 0.6609375 0.502777777777778 0.6609375 0.5333333333333334 0.6953125 0.5333333333333334
0 0.6484375 0.502777777777778 0.571875 0.502777777777778 0.571875 0.5472222222222224 0.6484375 0.5472222222222224
0 0.603125 0.5555555555555557 0.484375 0.5555555555555557 0.484375 0.6777777777777779 0.603125 0.6777777777777779
0 0.5171875 0.46666666666666684 0.43125 0.46666666666666684 0.43125 0.5083333333333335 0.5171875 0.5083333333333335
0 0.5421875 0.41666666666666685 0.496875 0.41666666666666685 0.496875 0.4416666666666668 0.5421875 0.4416666666666668
0 0.525 0.3861111111111113 0.46875 0.3861111111111113 0.46875 0.4083333333333335 0.525 0.4083333333333335
0 0.34375 0.375 0.309375 0.375 0.309375 0.39166666666666666 0.34375 0.39166666666666666
0 0.3921875 0.3472222222222223 0.35625 0.3472222222222223 0.35625 0.3611111111111112 0.3921875 0.36111111111111127
0 0.4171875 0.36111111111111127 0.3828125 0.36111111111111127 0.3828125 0.37777777777777793 0.4171875 0.37777777777777793
0 0.49375 0.34166666666666673 0.4515625 0.34166666666666673 0.4515625 0.3666666666666668 0.49375 0.3666666666666668
0 0.41875 0.313888888888889 0.3890625 0.313888888888889 0.3890625 0.32777777777777783 0.41875 0.32777777777777783
0 0.4390625 0.2972222222222223 0.4234375 0.2972222222222223 0.4234375 0.30555555555555564 0.4390625 0.30555555555555564
0 0.484375 0.28333333333333344 0.453125 0.28333333333333344 0.453125 0.2944444444444445 0.484375 0.2944444444444445
0 0.259375 0.38055555555555554 0.2359375 0.38055555555555554 0.2359375 0.3972222222222222 0.259375 0.3972222222222222