0 0.7072916666666667 0.29922480620155045 0.6083333333333333 0.29922480620155045 0.6083333333333333 0.36589147286821716 0.7072916666666667 0.36589147286821716
0 0.703125 0.6418604651162791 0.384375 0.641860465116279 0.3843750000000001 0.9627906976744186 0.703125 0.9627906976744186
0 0.6802083333333333 0.1116279069767443 0.5677083333333334 0.11162790697674427 0.5677083333333334 0.2666666666666668 0.6802083333333333 0.2666666666666668
0 0.6510416666666666 0.3891472868217055 0.45208333333333334 0.3891472868217055 0.45208333333333334 0.5937984496124031 0.6510416666666666 0.5937984496124032
0 0.2510416666666667 0.413953488372093 0.0072916666666667 0.413953488372093 0.007291666666666718 0.8387596899224806 0.2510416666666667 0.8387596899224806
0 0.571875 0.29302325581395355 0.528125 0.29302325581395355 0.528125 0.344186046511628 0.571875 0.344186046511628
0 0.5010416666666667 0.19689922480620164 0.39895833333333336 0.19689922480620164 0.39895833333333336 0.28527131782945747 0.5010416666666667 0.28527131782945747
0 0.4625 0.36744186046511634 0.35 0.36744186046511634 0.35 0.4635658914728682 0.4625 0.4635658914728682
0 0.484375 0.29612403100775203 0.425 0.29612403100775203 0.425 0.35968992248062026 0.484375 0.35968992248062026
0 0.5552083333333333 0.21085271317829465 0.50625 0.21085271317829465 0.50625 0.26821705426356596 0.5552083333333333 0.26821705426356596
0 0.4114583333333333 0.30852713178294583 0.2708333333333333 0.30852713178294583 0.2708333333333333 0.4108527131782946 0.4114583333333333 0.4108527131782946