0 0.41807044410413474 0.46721311475409844 0.21286370597243492 0.4672131147540984 0.21286370597243495 0.7896174863387978 0.41807044410413474 0.7896174863387978
0 0.14395099540581935 0.42896174863387976 0.0750382848392037 0.42896174863387976 0.0750382848392037 0.4890710382513661 0.14395099540581935 0.4890710382513661
0 0.48545176110260335 0.18852459016393447 0.0643185298621746 0.1885245901639344 0.0643185298621746 0.4344262295081968 0.48545176110260335 0.43442622950819687
0 0.8039816232771823 0.41803278688524603 0.48545176110260335 0.41803278688524603 0.48545176110260335 0.6448087431693991 0.8039816232771823 0.6448087431693991
0 0.9877488514548239 0.5601092896174865 0.9081163859111792 0.5601092896174865 0.9081163859111792 0.6366120218579236 0.9877488514548239 0.6366120218579236
0 0.28483920367534465 0.8169398907103825 5.607494532083593e-17 0.8169398907103825 6.235758969624732e-17 1 0.28483920367534465 1
0 0.5222052067381318 0.7459016393442623 0.4609494640122512 0.7459016393442623 0.4609494640122512 0.8087431693989071 0.5222052067381318 0.8087431693989071
0 0.6952526799387443 0.855191256830601 0.5712098009188361 0.855191256830601 0.5712098009188361 0.9972677595628415 0.6952526799387443 0.9972677595628415
0 0.8376722817764165 0.7049180327868856 0.7396630934150077 0.7049180327868856 0.7396630934150077 0.8087431693989074 0.8376722817764165 0.8087431693989074
0 0.9617151607963247 0.7923497267759566 0.891271056661562 0.7923497267759566 0.891271056661562 0.8715846994535522 0.9617151607963247 0.8715846994535522
0 0.9693721286370597 0.9562841530054648 0.9111791730474732 0.9562841530054648 0.9111791730474732 1.0000000000000002 0.9693721286370597 1.0000000000000002
0 0.29709035222052066 0.3306010928961749 0.12404287901990815 0.33060109289617484 0.12404287901990815 0.38524590163934425 0.29709035222052066 0.38524590163934425
0 0.24808575803981622 0.3989071038251366 0.20214395099540583 0.3989071038251366 0.20214395099540583 0.4344262295081967 0.24808575803981622 0.4344262295081967
0 0.32006125574272587 0.3879781420765027 0.2664624808575804 0.3879781420765027 0.2664624808575804 0.4344262295081967 0.32006125574272587 0.4344262295081967
0 0.4869831546707504 0.3633879781420767 0.45941807044410415 0.3633879781420767 0.45941807044410415 0.4071038251366122 0.4869831546707504 0.4071038251366122