0 0.23414634146341465 0.2865671641791045 0.13821138211382114 0.2865671641791045 0.13821138211382117 0.3940298507462687 0.23414634146341465 0.3940298507462687
0 0.3951219512195122 0.3402985074626866 0.14959349593495935 0.3402985074626866 0.14959349593495938 0.6000000000000001 0.3951219512195122 0.6000000000000002
0 0.2894308943089431 0.22686567164179114 0.20650406504065041 0.22686567164179114 0.20650406504065041 0.29850746268656725 0.2894308943089431 0.29850746268656725
0 0.4113821138211382 0.08059701492537322 0.3333333333333333 0.08059701492537322 0.3333333333333333 0.16119402985074635 0.4113821138211382 0.16119402985074635
0 0.4585365853658537 8.846702250557e-17 0.3284552845528455 7.38443741575419e-17 0.3284552845528455 0.08059701492537322 0.4585365853658537 0.08059701492537324
0 0.5040650406504065 0.17611940298507472 0.3105691056910569 0.17611940298507472 0.3105691056910569 0.32835820895522394 0.5040650406504065 0.32835820895522394
0 0.8747967479674796 0.03582089552238822 0.5040650406504065 0.03582089552238818 0.5040650406504065 0.37611940298507474 0.8747967479674796 0.3761194029850748
0 0.8536585365853658 0.1044776119402987 0.7073170731707317 0.10447761194029867 0.7073170731707317 0.1880597014925375 0.8536585365853658 0.18805970149253753
0 0.33983739837398375 5.337266647030256e-17 0.13495934959349593 3.03419953221583e-17 0.13495934959349593 0.14029850746268663 0.33983739837398375 0.14029850746268666
0 0.47479674796747967 0.6447761194029852 0.23739837398373984 0.6447761194029851 0.2373983739837399 0.9970149253731343 0.47479674796747967 0.9970149253731343
0 0.14308943089430898 0.2507462686567164 0.03902439024390245 0.2507462686567164 0.03902439024390246 0.3582089552238806 0.14308943089430898 0.3582089552238806
0 0.6341463414634146 0.5253731343283584 0.424390243902439 0.5253731343283584 0.424390243902439 0.7044776119402987 0.6341463414634146 0.7044776119402987
0 0.8747967479674796 0.9253731343283583 0.6991869918699187 0.9253731343283582 0.6991869918699187 1.0000000000000002 0.8747967479674796 1.0000000000000004