0 0.47104247104247116 0.7577319587628866 0.09652509652509661 0.7577319587628866 0.09652509652509661 1 0.47104247104247116 1
0 0.7065637065637066 0.8969072164948454 0.5482625482625483 0.8969072164948454 0.5482625482625483 1 0.7065637065637066 1
0 0.6756756756756757 0.7422680412371134 0.5984555984555985 0.7422680412371134 0.5984555984555985 0.8247422680412371 0.6756756756756757 0.8247422680412371
0 0.8957528957528957 0.6443298969072166 0.6833976833976834 0.6443298969072166 0.6833976833976834 0.9072164948453608 0.8957528957528957 0.9072164948453608
0 0.3513513513513514 0.4639175257731959 4.2555294178865555e-17 0.4639175257731959 5.343053602457564e-17 0.7010309278350515 0.3513513513513515 0.7010309278350515
0 0.6254826254826255 0.43298969072164956 0.2972972972972973 0.4329896907216495 0.2972972972972973 0.5515463917525774 0.6254826254826255 0.5515463917525775
0 0.7876447876447876 0.5257731958762888 0.555984555984556 0.5257731958762888 0.555984555984556 0.6649484536082474 0.7876447876447876 0.6649484536082474
0 0.8725868725868726 0.5000000000000001 0.7451737451737451 0.5000000000000001 0.7451737451737451 0.5824742268041239 0.8725868725868726 0.5824742268041239
0 0.6795366795366795 0.6082474226804125 0.583011583011583 0.6082474226804125 0.583011583011583 0.6907216494845361 0.6795366795366795 0.6907216494845361
0 0.5791505791505791 0.6288659793814434 0.40540540540540554 0.6288659793814433 0.40540540540540554 0.7319587628865979 0.5791505791505791 0.7319587628865979
0 0.6447876447876448 0.3298969072164949 0.38996138996138996 0.32989690721649484 0.38996138996138996 0.44329896907216504 0.6447876447876448 0.4432989690721651