0 1 0.4993726474278546 0.7258333333333333 0.4993726474278546 0.7258333333333333 1.0000000000000002 1 1.0000000000000002
0 0.8533333333333334 0.4717691342534506 0.6608333333333334 0.4717691342534506 0.6608333333333334 0.6624843161856965 0.8533333333333334 0.6624843161856967
0 0.6241666666666666 0.31116687578419083 0.4508333333333333 0.3111668757841908 0.4508333333333333 0.45796737766624857 0.6241666666666666 0.45796737766624857
0 0.835 0.13927227101631126 0.31333333333333335 0.13927227101631123 0.31333333333333335 0.35759096612296115 0.835 0.35759096612296126
0 0.37 0.07277289836888337 0.23166666666666666 0.07277289836888334 0.23166666666666666 0.15056461731493104 0.37 0.15056461731493107
0 0.635 0.4905897114178169 0.15500000000000005 0.4905897114178168 0.15500000000000005 0.8105395232120451 0.635 0.8105395232120451
0 0.2325 0.3864491844416562 0.05500000000000002 0.3864491844416562 0.055000000000000035 0.5156838143036386 0.2325 0.5156838143036386
0 0.3983333333333333 0.30489335006273527 0.18500000000000005 0.30489335006273527 0.18500000000000005 0.3789209535759097 0.3983333333333333 0.3789209535759098
0 0.22 0.2609786700125471 0.10916666666666666 0.26097867001254704 0.10916666666666669 0.3299874529485571 0.22 0.3299874529485571
0 0.2475 0.1982434127979925 0.10916666666666666 0.19824341279799249 0.10916666666666666 0.2584692597239649 0.2475 0.25846925972396495
0 0.30083333333333334 0.18318695106649943 0.21333333333333335 0.18318695106649943 0.21333333333333335 0.2208281053952322 0.30083333333333334 0.2208281053952322
0 0.21 0.15809284818067756 0.11583333333333333 0.15809284818067756 0.11583333333333333 0.20828105395232124 0.21 0.20828105395232127
0 0.2475 0.0639899623588457 0.035833333333333335 0.06398996235884567 0.03583333333333334 0.1982434127979925 0.2475 0.19824341279799254
0 0.047500000000000014 0.12296110414052698 1.0001282193036718e-17 0.12296110414052698 1.586938143895112e-17 0.2672521957340025 0.04750000000000002 0.2672521957340025