0 0.72125 0.6356877323420076 0.3775 0.6356877323420075 0.37750000000000006 0.9721189591078067 0.72125 0.9721189591078067
0 0.25750000000000006 0.4349442379182156 0.03625000000000003 0.4349442379182156 0.03625000000000005 0.8773234200743495 0.25750000000000006 0.8773234200743495
0 0.655 0.37546468401487 0.45125 0.37546468401487 0.45125 0.5947955390334574 0.655 0.5947955390334575
0 0.7025 0.3382899628252789 0.57375 0.3382899628252789 0.57375 0.45724907063197034 0.7025 0.45724907063197034
0 0.7075 0.3011152416356878 0.61125 0.3011152416356878 0.61125 0.3698884758364313 0.7075 0.3698884758364313
0 0.5975 0.3513011152416358 0.48625 0.3513011152416358 0.48625 0.40520446096654283 0.5975 0.40520446096654283
0 0.57125 0.29182156133829007 0.52375 0.29182156133829007 0.52375 0.34572490706319714 0.57125 0.34572490706319714
0 0.6225 0.2527881040892194 0.5425 0.2527881040892194 0.5425 0.32527881040892204 0.6225 0.32527881040892204
0 0.56125 0.20817843866171015 0.505 0.20817843866171015 0.505 0.27137546468401497 0.56125 0.27137546468401497
0 0.6875 0.1096654275092938 0.5575 0.10966542750929378 0.5575 0.2750929368029741 0.6875 0.2750929368029741
0 0.47 0.3698884758364313 0.36125 0.3698884758364313 0.36125 0.4646840148698886 0.47 0.4646840148698886
0 0.4825 0.29182156133829007 0.42625 0.29182156133829007 0.42625 0.36059479553903356 0.4825 0.36059479553903356
0 0.39375 0.25836431226765805 0.26125 0.258364312267658 0.26125 0.42750929368029744 0.39375 0.4275092936802975
0 0.4975 0.19888475836431235 0.40875 0.19888475836431233 0.40875 0.28810408921933095 0.4975 0.28810408921933095
0 0.58375 0.100371747211896 0.49625 0.10037174721189598 0.49625 0.20817843866171015 0.58375 0.20817843866171015