0 0.34875 0.6476987447698744 0.26500000000000007 0.6476987447698744 0.26500000000000007 0.7640167364016737 0.34875 0.7640167364016737
0 0.438125 0.6393305439330544 0.3675 0.6393305439330544 0.3675 0.698744769874477 0.438125 0.698744769874477
0 0.489375 0.6895397489539749 0.42375 0.6895397489539749 0.42375 0.7280334728033473 0.489375 0.7280334728033473
0 0.4987500000000001 0.7732217573221757 0.44875 0.7732217573221757 0.4487500000000001 0.80418410041841 0.49875000000000014 0.80418410041841
0 0.554375 0.5757322175732218 0.463125 0.5757322175732218 0.463125 0.6301255230125523 0.554375 0.6301255230125523
0 0.43375 0.5589958158995816 0.34 0.5589958158995816 0.34 0.6133891213389121 0.43375 0.6133891213389121
0 0.328125 0.5589958158995816 0.27562500000000006 0.5589958158995816 0.27562500000000006 0.6184100418410042 0.328125 0.6184100418410042
0 0.2668750000000001 0.5640167364016736 0.14625000000000005 0.5640167364016736 0.14625000000000005 0.6167364016736402 0.2668750000000001 0.6167364016736402
0 0.21687500000000007 0.605857740585774 0.11937500000000006 0.605857740585774 0.11937500000000006 0.6744769874476988 0.21687500000000007 0.6744769874476988
0 0.18937500000000007 0.7288702928870293 0.04625000000000007 0.7288702928870293 0.04625000000000007 0.799163179916318 0.18937500000000007 0.799163179916318
0 0.99875 0.38828451882845205 0.43375 0.388284518828452 0.4337500000000001 0.9347280334728033 0.99875 0.9347280334728033
0 0.41 0.4502092050209205 0.30687500000000006 0.4502092050209205 0.30687500000000006 0.5205020920502093 0.41 0.5205020920502093