0 0.6133333333333333 0.8214285714285714 0.43333333333333335 0.8214285714285714 0.43333333333333335 1 0.6133333333333333 1
0 1 0.8809523809523813 0.81 0.8809523809523813 0.81 1.0000000000000004 1 1.0000000000000004
0 0.6933333333333334 0.7202380952380955 0.59 0.7202380952380955 0.59 0.8452380952380952 0.6933333333333334 0.8452380952380952
0 0.76 0.6250000000000002 0.66 0.6250000000000002 0.66 0.7440476190476192 0.76 0.7440476190476192
0 0.8166666666666667 0.4761904761904764 0.6933333333333334 0.4761904761904764 0.6933333333333334 0.7380952380952382 0.8166666666666667 0.7380952380952382
0 0.8166666666666667 0.36904761904761924 0.6766666666666666 0.36904761904761924 0.6766666666666666 0.48809523809523825 0.8166666666666667 0.48809523809523825
0 0.6366666666666667 0.5535714285714287 0.5066666666666667 0.5535714285714287 0.5066666666666667 0.7678571428571429 0.6366666666666667 0.7678571428571429
0 0.1333333333333334 0.7976190476190477 0.003333333333333388 0.7976190476190477 0.0033333333333333947 1 0.1333333333333334 1
0 0.40666666666666673 0.630952380952381 0.10000000000000005 0.6309523809523809 0.10000000000000005 0.8511904761904762 0.4066666666666668 0.8511904761904762
0 0.6266666666666667 0.4226190476190477 0.3 0.4226190476190476 0.3 0.636904761904762 0.6266666666666667 0.6369047619047621
0 0.4066666666666667 0.2976190476190477 0.32 0.2976190476190477 0.32 0.45238095238095244 0.4066666666666667 0.45238095238095255
0 0.49333333333333335 0.30357142857142866 0.44333333333333336 0.30357142857142866 0.44333333333333336 0.4226190476190478 0.49333333333333335 0.4226190476190478
0 0.0866666666666667 0.4166666666666667 2.857509198010491e-17 0.4166666666666667 3.347367917669432e-17 0.5595238095238095 0.08666666666666671 0.5595238095238095
0 0.28 0.3154761904761905 0.18333333333333332 0.31547619047619047 0.18333333333333335 0.47023809523809523 0.28 0.47023809523809523