0 0.7216494845360825 0.6647398843930638 0.44673539518900346 0.6647398843930638 0.44673539518900346 0.9595375722543352 0.7216494845360825 0.9595375722543352
0 0.19931271477663234 0.8034682080924855 5.849687459844746e-17 0.8034682080924855 6.459906655296176e-17 0.9710982658959537 0.19931271477663234 0.9710982658959537
0 0.3608247422680413 0.6184971098265896 0.25773195876288657 0.6184971098265896 0.2577319587628866 0.7976878612716763 0.36082474226804134 0.7976878612716763
0 0.46735395189003437 0.5606936416184972 0.3642611683848797 0.5606936416184971 0.3642611683848797 0.6589595375722545 0.46735395189003437 0.6589595375722545
0 0.6254295532646048 0.5086705202312141 0.4948453608247423 0.5086705202312141 0.4948453608247423 0.6763005780346822 0.6254295532646048 0.6763005780346822
0 0.738831615120275 0.554913294797688 0.6804123711340206 0.554913294797688 0.6804123711340206 0.6358381502890175 0.738831615120275 0.6358381502890175
0 0.6632302405498282 0.45086705202312155 0.570446735395189 0.45086705202312155 0.570446735395189 0.5433526011560695 0.6632302405498282 0.5433526011560695
0 0.7663230240549829 0.3468208092485551 0.6597938144329897 0.3468208092485551 0.6597938144329897 0.5722543352601158 0.7663230240549829 0.5722543352601158
0 0.9518900343642611 0.41040462427745683 0.7903780068728522 0.41040462427745683 0.7903780068728522 0.578034682080925 0.9518900343642611 0.578034682080925
0 1 0.6069364161849713 0.9381443298969072 0.6069364161849713 0.9381443298969072 0.7283236994219655 1 0.7283236994219655
0 0.39862542955326463 0.3872832369942196 0.3333333333333333 0.3872832369942196 0.3333333333333333 0.47398843930635837 0.39862542955326463 0.47398843930635837
0 0.6116838487972509 0.3063583815028903 0.39862542955326463 0.30635838150289024 0.39862542955326463 0.4797687861271677 0.6116838487972509 0.4797687861271678