0 0.46285714285714286 0.7709923664122137 0.2828571428571429 0.7709923664122137 0.2828571428571429 0.9541984732824428 0.46285714285714286 0.9541984732824428
0 1 0.8498727735368958 0.5757142857142857 0.8498727735368957 0.5757142857142857 1.0000000000000002 1 1.0000000000000002
0 0.7871428571428571 0.6284987277353691 0.6185714285714285 0.6284987277353691 0.6185714285714285 0.7531806615776083 0.7871428571428571 0.7531806615776084
0 1 0.5521628498727738 0.7385714285714285 0.5521628498727736 0.7385714285714285 0.7175572519083973 1 0.7175572519083973
0 0.6771428571428572 0.5216284987277355 0.37714285714285717 0.5216284987277355 0.37714285714285717 0.6284987277353691 0.6771428571428572 0.6284987277353691
0 0.2757142857142858 0.7557251908396947 0.1342857142857143 0.7557251908396947 0.1342857142857143 0.8676844783715013 0.2757142857142858 0.8676844783715013
0 0.18428571428571436 0.8651399491094147 0.0014285714285714882 0.8651399491094147 0.0014285714285714928 1 0.18428571428571436 1
0 0.14428571428571432 0.6717557251908397 0.02285714285714291 0.6717557251908397 0.022857142857142913 0.8371501272264631 0.14428571428571432 0.8371501272264631
0 0.3428571428571429 0.6284987277353691 0.22285714285714295 0.628498727735369 0.22285714285714295 0.7735368956743003 0.3428571428571429 0.7735368956743003
0 0.3271428571428572 0.43256997455470736 0.06857142857142859 0.43256997455470736 0.0685714285714286 0.6921119592875318 0.32714285714285724 0.6921119592875318
0 0.7514285714285714 0.38422391857506377 0.34285714285714286 0.38422391857506377 0.34285714285714286 0.5648854961832063 0.7514285714285714 0.5648854961832063