0 0.40375000000000005 0.8853118712273642 0.17500000000000007 0.8853118712273642 0.17500000000000007 1 0.40375000000000016 1
0 0.8225 0.8571428571428572 0.51125 0.8571428571428571 0.5112500000000001 1.0000000000000002 0.8225 1.0000000000000002
0 1 0.5835010060362175 0.29875000000000007 0.5835010060362174 0.29875000000000007 0.887323943661972 1 0.8873239436619721
0 0.10375000000000005 0.676056338028169 5.143516556418883e-17 0.676056338028169 5.855342508423283e-17 0.8631790744466801 0.10375000000000006 0.8631790744466801
0 0.15875000000000006 0.8370221327967807 6.368163355566236e-17 0.8370221327967807 6.980486755139913e-17 0.9979879275653923 0.15875000000000006 0.9979879275653923
0 0.15500000000000005 0.7002012072434608 0.06250000000000006 0.7002012072434608 0.06250000000000006 0.8490945674044266 0.15500000000000008 0.8490945674044266
0 0.325 0.704225352112676 0.16500000000000006 0.704225352112676 0.16500000000000006 0.8470824949698189 0.325 0.8470824949698189
0 0.49875 0.607645875251509 0.30750000000000005 0.607645875251509 0.30750000000000005 0.8672032193158954 0.49875 0.8672032193158954
0 0.20750000000000007 0.6639839034205232 0.09000000000000004 0.6639839034205232 0.09000000000000005 0.716297786720322 0.20750000000000007 0.716297786720322
0 0.20250000000000007 0.5835010060362174 0.09000000000000004 0.5835010060362174 0.09000000000000004 0.6378269617706237 0.20250000000000007 0.6378269617706237
0 0.09000000000000004 0.5271629778672032 4.0107182672075815e-17 0.5271629778672032 4.4469986894038265e-17 0.641851106639839 0.09000000000000004 0.641851106639839
0 0.17875000000000005 0.39235412474849096 2.985076572921673e-17 0.39235412474849096 3.574437845011337e-17 0.5472837022132797 0.17875000000000008 0.5472837022132797
0 0.29625 0.35211267605633806 0.175 0.352112676056338 0.17500000000000004 0.5150905432595574 0.29625000000000007 0.5150905432595574
0 0.2950000000000001 0.5150905432595574 0.16125000000000006 0.5150905432595574 0.16125000000000006 0.6579476861167002 0.2950000000000001 0.6579476861167002
0 0.96625 0.4406438631790746 0.46875 0.44064386317907456 0.46875 0.5472837022132798 0.96625 0.5472837022132799
0 0.73125 0.2917505030181088 0.525 0.2917505030181088 0.525 0.40040241448692165 0.73125 0.40040241448692165
0 0.87875 0.28571428571428586 0.7575 0.2857142857142858 0.7575 0.370221327967807 0.87875 0.37022132796780705
0 1 0.23943661971831004 0.94 0.23943661971831004 0.94 0.4285714285714288 1 0.4285714285714288