0 0.5917667238421955 0.2266666666666667 0.08233276157804462 0.22666666666666666 0.08233276157804463 0.7066666666666668 0.5917667238421955 0.7066666666666669
0 0.313893653516295 0.1633333333333334 0.21612349914236706 0.16333333333333339 0.21612349914236706 0.27333333333333343 0.313893653516295 0.27333333333333343
0 0.5728987993138936 0.13333333333333344 0.4391080617495712 0.13333333333333341 0.4391080617495712 0.2533333333333334 0.5728987993138936 0.2533333333333334
0 0.40823327615780447 0.3833333333333334 0.31732418524871353 0.3833333333333334 0.31732418524871353 0.48666666666666675 0.40823327615780447 0.48666666666666686
0 0.7975986277873071 0.1833333333333335 0.6706689536878216 0.1833333333333335 0.6706689536878216 0.3033333333333335 0.7975986277873071 0.3033333333333335
0 0.40308747855917665 0.18666666666666673 0.29845626072041165 0.1866666666666667 0.29845626072041165 0.3700000000000001 0.40308747855917665 0.3700000000000001
0 0.9982847341337907 2.0798584805519216e-16 0.7495711835334476 1.7839021707579778e-16 0.7495711835334476 0.28000000000000025 0.9982847341337907 0.2800000000000003
0 0.5969125214408233 0.7366666666666668 0.41852487135506006 0.7366666666666668 0.41852487135506006 0.9966666666666667 0.5969125214408233 0.9966666666666667
0 0.6363636363636364 0.4433333333333335 0.5265866209262435 0.4433333333333335 0.5265866209262435 0.5700000000000002 0.6363636363636364 0.5700000000000002
0 0.4648370497427101 0.05666666666666676 0.2847341337907376 0.05666666666666674 0.2847341337907376 0.15666666666666673 0.4648370497427101 0.15666666666666676
0 0.6329331046312179 0.016666666666666802 0.5214408233276158 0.01666666666666679 0.5214408233276158 0.1666666666666668 0.6329331046312179 0.1666666666666668