0 0.5958333333333333 0.8345864661654138 0.3472222222222222 0.8345864661654138 0.34722222222222227 0.9962406015037594 0.5958333333333333 0.9962406015037594
0 0.5972222222222222 0.6541353383458649 0.4722222222222222 0.6541353383458649 0.4722222222222222 0.7593984962406017 0.5972222222222222 0.7593984962406017
0 0.44027777777777777 0.5526315789473685 0.32083333333333336 0.5526315789473685 0.32083333333333336 0.6278195488721806 0.44027777777777777 0.6278195488721806
0 0.55 0.43984962406015055 0.3958333333333333 0.4398496240601505 0.3958333333333333 0.5187969924812033 0.55 0.5187969924812033
0 0.7541666666666667 0.5827067669172934 0.6069444444444444 0.5827067669172934 0.6069444444444444 0.6766917293233085 0.7541666666666667 0.6766917293233085
0 0.3319444444444445 0.7819548872180452 0.18888888888888888 0.7819548872180451 0.18888888888888894 0.906015037593985 0.33194444444444454 0.9060150375939852
0 0.18611111111111114 0.5488721804511278 2.4833115649376885e-17 0.5488721804511278 3.4868415809056585e-17 0.9924812030075187 0.1861111111111112 0.9924812030075187
0 0.5819444444444445 0.3421052631578949 0.4513888888888889 0.34210526315789486 0.4513888888888889 0.44736842105263175 0.5819444444444445 0.4473684210526318
0 0.7791666666666667 0.7293233082706769 0.6972222222222222 0.7293233082706769 0.6972222222222222 0.7932330827067672 0.7791666666666667 0.7932330827067672
0 0.3 0.4473684210526317 0.2125 0.4473684210526317 0.2125 0.5526315789473685 0.3 0.5526315789473685
0 0.7027777777777777 0.3721804511278198 0.6166666666666667 0.3721804511278198 0.6166666666666667 0.4849624060150378 0.7027777777777777 0.4849624060150378