0 0.9678714859437751 0.6033333333333334 0.4397590361445783 0.6033333333333334 0.4397590361445784 0.7800000000000001 0.9678714859437751 0.7800000000000001
0 0.5883534136546185 0.20333333333333342 0.21887550200803213 0.2033333333333334 0.21887550200803213 0.34 0.5883534136546185 0.3400000000000001
0 0.5421686746987951 0.3966666666666668 0.3514056224899598 0.3966666666666668 0.3514056224899598 0.4666666666666668 0.5421686746987951 0.46666666666666684
0 0.4779116465863454 0.5333333333333334 0.18875502008032133 0.5333333333333333 0.18875502008032133 0.6100000000000001 0.4779116465863454 0.6100000000000002
0 0.3132530120481928 0.44666666666666666 0.06425702811244982 0.44666666666666666 0.06425702811244982 0.5333333333333333 0.3132530120481928 0.5333333333333333
0 0.6967871485943775 0.4300000000000002 0.6204819277108434 0.4300000000000002 0.6204819277108434 0.5066666666666668 0.6967871485943775 0.5066666666666668
0 0.7771084337349398 0.21000000000000013 0.6586345381526104 0.21000000000000013 0.6586345381526104 0.2866666666666668 0.7771084337349398 0.28666666666666685
0 1 0.38000000000000017 0.7630522088353414 0.38000000000000017 0.7630522088353414 0.4800000000000002 1 0.4800000000000002
0 0.9056224899598394 0.3200000000000002 0.7228915662650602 0.3200000000000002 0.7228915662650602 0.3733333333333335 0.9056224899598394 0.3733333333333335
0 0.19277108433734944 0.35333333333333333 0.06626506024096389 0.35333333333333333 0.06626506024096389 0.3933333333333333 0.19277108433734946 0.3933333333333333
0 0.05020080321285143 0.31333333333333335 2.3115823116435985e-17 0.31333333333333335 2.532904022332879e-17 0.37333333333333335 0.05020080321285143 0.37333333333333335
0 0.6927710843373494 0.15333333333333346 0.5421686746987951 0.15333333333333343 0.5421686746987951 0.20333333333333345 0.6927710843373494 0.20333333333333348