0 0.30874785591766724 0.2333333333333334 0.07032590051457978 0.23333333333333334 0.07032590051457978 0.44333333333333336 0.30874785591766724 0.44333333333333336
0 0.313893653516295 0.1633333333333334 0.21612349914236706 0.16333333333333339 0.21612349914236706 0.27333333333333343 0.313893653516295 0.27333333333333343
0 0.41509433962264153 0.4800000000000001 0.25900514579759865 0.48 0.25900514579759865 0.6100000000000001 0.41509433962264153 0.6100000000000002
0 0.40480274442538594 0.3833333333333334 0.31732418524871353 0.3833333333333334 0.31732418524871353 0.4933333333333334 0.40480274442538594 0.4933333333333335
0 0.5711835334476844 0.13333333333333344 0.43739279588336194 0.13333333333333341 0.43739279588336194 0.2533333333333334 0.5711835334476844 0.2533333333333334
0 0.40480274442538594 0.18666666666666676 0.30017152658662094 0.18666666666666676 0.30017152658662094 0.3700000000000001 0.40480274442538594 0.3700000000000001
0 0.5969125214408233 0.7366666666666668 0.41852487135506006 0.7366666666666668 0.41852487135506006 0.9966666666666667 0.5969125214408233 0.9966666666666667
0 0.6363636363636364 0.4433333333333335 0.5265866209262435 0.4433333333333335 0.5265866209262435 0.5633333333333336 0.6363636363636364 0.5633333333333336
0 0.9982847341337907 2.0798584805519216e-16 0.7495711835334476 1.7839021707579778e-16 0.7495711835334476 0.28333333333333355 0.9982847341337907 0.2833333333333336
0 0.4648370497427101 0.05666666666666676 0.2830188679245283 0.05666666666666674 0.2830188679245283 0.15666666666666673 0.4648370497427101 0.15666666666666676
0 0.6466552315608919 0.3466666666666668 0.5334476843910806 0.34666666666666673 0.5334476843910806 0.43666666666666687 0.6466552315608919 0.43666666666666687
0 0.5677530017152659 0.5566666666666668 0.38250428816466553 0.5566666666666666 0.3825042881646656 0.7866666666666667 0.5677530017152659 0.7866666666666668
0 0.5385934819897084 0.4300000000000002 0.4219554030874786 0.4300000000000002 0.4219554030874786 0.5533333333333336 0.5385934819897084 0.5533333333333336
0 0.8113207547169812 0.3266666666666669 0.6638078902229846 0.3266666666666669 0.6638078902229846 0.5000000000000002 0.8113207547169812 0.5000000000000002